,W##other##,A##area##inches,d##length##inches,b##length##inches,t##length##inches,k##length##inches,x##length##inches,y##length##inches
L8X8X1-1/8,56.9,16.7,8.00,8.00,1.125,1.75,2.40,2.40
L8X8X1,51.0,15.0,8.00,8.00,1,1.625,2.36,2.36
L8X8X7/8,45.0,13.2,8.00,8.00,0.875,1.5,2.31,2.31
L8X8X3/4,38.9,11.4,8.00,8.00,0.75,1.375,2.26,2.26
L8X8X5/8,32.7,9.61,8.00,8.00,0.625,1.25,2.21,2.21
L8X8X9/16,29.6,8.68,8.00,8.00,0.5625,1.1875,2.19,2.19
L8X8X1/2,26.4,7.75,8.00,8.00,0.5,1.125,2.17,2.17
L8X6X1,44.2,13.0,8.00,6.00,1,1.5,1.65,2.65
L8X6X7/8,39.1,11.5,8.00,6.00,0.875,1.375,1.60,2.60
L8X6X3/4,33.8,9.94,8.00,6.00,0.75,1.25,1.56,2.55
L8X6X5/8,28.5,8.36,8.00,6.00,0.625,1.125,1.51,2.50
L8X6X9/16,25.7,7.56,8.00,6.00,0.5625,1.0625,1.49,2.48
L8X6X1/2,23.0,6.75,8.00,6.00,0.5,1,1.46,2.46
L8X6X7/16,20.2,5.93,8.00,6.00,0.4375,0.9375,1.44,2.43
L8X4X1,37.4,11.0,8.00,4.00,1,1.5,1.04,3.03
L8X4X7/8,33.1,9.73,8.00,4.00,0.875,1.375,0.997,2.99
L8X4X3/4,28.7,8.44,8.00,4.00,0.75,1.25,0.949,2.94
L8X4X5/8,24.2,7.11,8.00,4.00,0.625,1.125,0.902,2.89
L8X4X9/16,21.9,6.43,8.00,4.00,0.5625,1.0625,0.878,2.86
L8X4X1/2,19.6,5.75,8.00,4.00,0.5,1,0.854,2.84
L8X4X7/16,17.2,5.06,8.00,4.00,0.4375,0.9375,0.829,2.81
L7X4X3/4,26.2,7.69,7.00,4.00,0.75,1.25,1.00,2.50
L7X4X5/8,22.1,6.48,7.00,4.00,0.625,1.125,0.958,2.45
L7X4X1/2,17.9,5.25,7.00,4.00,0.5,1,0.910,2.40
L7X4X7/16,15.7,4.62,7.00,4.00,0.4375,0.9375,0.886,2.38
L7X4X3/8,13.6,3.98,7.00,4.00,0.375,0.875,0.861,2.35
L6X6X1,37.4,11.0,6.00,6.00,1,1.5,1.86,1.86
L6X6X7/8,33.1,9.75,6.00,6.00,0.875,1.375,1.81,1.81
L6X6X3/4,28.7,8.46,6.00,6.00,0.75,1.25,1.77,1.77
L6X6X5/8,24.2,7.13,6.00,6.00,0.625,1.125,1.72,1.72
L6X6X9/16,21.9,6.45,6.00,6.00,0.5625,1.0625,1.70,1.70
L6X6X1/2,19.6,5.77,6.00,6.00,0.5,1,1.67,1.67
L6X6X7/16,17.2,5.08,6.00,6.00,0.4375,0.9375,1.65,1.65
L6X6X3/8,14.9,4.38,6.00,6.00,0.375,0.875,1.62,1.62
L6X6X5/16,12.4,3.67,6.00,6.00,0.3125,0.8125,1.60,1.60
L6X4X7/8,27.2,7.98,6.00,4.00,0.875,1.375,1.12,2.12
L6X4X3/4,23.6,6.94,6.00,4.00,0.75,1.25,1.07,2.07
L6X4X5/8,20.0,5.86,6.00,4.00,0.625,1.125,1.03,2.03
L6X4X9/16,18.1,5.31,6.00,4.00,0.5625,1.0625,1.00,2.00
L6X4X1/2,16.2,4.75,6.00,4.00,0.5,1,0.981,1.98
L6X4X7/16,14.3,4.18,6.00,4.00,0.4375,0.9375,0.957,1.95
L6X4X3/8,12.3,3.61,6.00,4.00,0.375,0.875,0.933,1.93
L6X4X5/16,10.3,3.03,6.00,4.00,0.3125,0.8125,0.908,1.90
L6X3-1/2X1/2,15.3,4.50,6.00,3.50,0.5,1,0.829,2.07
L6X3-1/2X3/8,11.7,3.42,6.00,3.50,0.375,0.875,0.781,2.02
L6X3-1/2X5/16,9.80,2.87,6.00,3.50,0.3125,0.8125,0.756,2.00
L5X5X7/8,27.2,7.98,5.00,5.00,0.875,1.375,1.56,1.56
L5X5X3/4,23.6,6.94,5.00,5.00,0.75,1.25,1.52,1.52
L5X5X5/8,20.0,5.86,5.00,5.00,0.625,1.125,1.47,1.47
L5X5X1/2,16.2,4.75,5.00,5.00,0.5,1,1.42,1.42
L5X5X7/16,14.3,4.18,5.00,5.00,0.4375,0.9375,1.40,1.40
L5X5X3/8,12.3,3.61,5.00,5.00,0.375,0.875,1.37,1.37
L5X5X5/16,10.3,3.03,5.00,5.00,0.3125,0.8125,1.35,1.35
L5X3-1/2X3/4,19.8,5.81,5.00,3.50,0.75,1.1875,0.993,1.74
L5X3-1/2X5/8,16.8,4.92,5.00,3.50,0.625,1.0625,0.947,1.69
L5X3-1/2X1/2,13.6,4.00,5.00,3.50,0.5,0.9375,0.901,1.65
L5X3-1/2X3/8,10.4,3.05,5.00,3.50,0.375,0.8125,0.854,1.60
L5X3-1/2X5/16,8.70,2.56,5.00,3.50,0.3125,0.75,0.829,1.57
L5X3-1/2X1/4,7.00,2.06,5.00,3.50,0.25,0.6875,0.804,1.55
L5X3X1/2,12.8,3.75,5.00,3.00,0.5,0.9375,0.746,1.74
L5X3X7/16,11.3,3.31,5.00,3.00,0.4375,0.875,0.722,1.72
L5X3X3/8,9.80,2.86,5.00,3.00,0.375,0.8125,0.698,1.69
L5X3X5/16,8.20,2.40,5.00,3.00,0.3125,0.75,0.673,1.67
L5X3X1/4,6.60,1.94,5.00,3.00,0.25,0.6875,0.648,1.64
L4X4X3/4,18.5,5.44,4.00,4.00,0.75,1.125,1.27,1.27
L4X4X5/8,15.7,4.61,4.00,4.00,0.625,1,1.22,1.22
L4X4X1/2,12.8,3.75,4.00,4.00,0.5,0.875,1.18,1.18
L4X4X7/16,11.3,3.31,4.00,4.00,0.4375,0.8125,1.15,1.15
L4X4X3/8,9.80,2.86,4.00,4.00,0.375,0.75,1.13,1.13
L4X4X5/16,8.20,2.40,4.00,4.00,0.3125,0.6875,1.11,1.11
L4X4X1/4,6.60,1.94,4.00,4.00,0.25,0.625,1.08,1.08
L4X3-1/2X1/2,11.9,3.50,4.00,3.50,0.5,0.875,0.994,1.24
L4X3-1/2X3/8,9.10,2.67,4.00,3.50,0.375,0.75,0.947,1.20
L4X3-1/2X5/16,7.70,2.25,4.00,3.50,0.3125,0.6875,0.923,1.17
L4X3-1/2X1/4,6.20,1.81,4.00,3.50,0.25,0.625,0.897,1.14
L4X3X5/8,13.6,3.89,4.00,3.00,0.625,1,0.867,1.37
L4X3X1/2,11.1,3.25,4.00,3.00,0.5,0.875,0.822,1.32
L4X3X3/8,8.50,2.48,4.00,3.00,0.375,0.75,0.775,1.27
L4X3X5/16,7.20,2.09,4.00,3.00,0.3125,0.6875,0.750,1.25
L4X3X1/4,5.80,1.69,4.00,3.00,0.25,0.625,0.725,1.22
L3-1/2X3-1/2X1/2,11.1,3.25,3.50,3.50,0.5,0.875,1.05,1.05
L3-1/2X3-1/2X7/16,9.80,2.87,3.50,3.50,0.4375,0.8125,1.03,1.03
L3-1/2X3-1/2X3/8,8.50,2.48,3.50,3.50,0.375,0.75,1.00,1.00
L3-1/2X3-1/2X5/16,7.20,2.09,3.50,3.50,0.3125,0.6875,0.979,0.979
L3-1/2X3-1/2X1/4,5.80,1.69,3.50,3.50,0.25,0.625,0.954,0.954
L3-1/2X3X1/2,10.2,3.00,3.50,3.00,0.5,0.875,0.869,1.12
L3-1/2X3X7/16,9.10,2.65,3.50,3.00,0.4375,0.8125,0.846,1.09
L3-1/2X3X3/8,7.90,2.30,3.50,3.00,0.375,0.75,0.823,1.07
L3-1/2X3X5/16,6.60,1.93,3.50,3.00,0.3125,0.6875,0.798,1.05
L3-1/2X3X1/4,5.40,1.56,3.50,3.00,0.25,0.625,0.773,1.02
L3-1/2X2-1/2X1/2,9.40,2.75,3.50,2.50,0.5,0.875,0.701,1.20
L3-1/2X2-1/2X3/8,7.20,2.11,3.50,2.50,0.375,0.75,0.655,1.15
L3-1/2X2-1/2X5/16,6.10,1.78,3.50,2.50,0.3125,0.6875,0.632,1.13
L3-1/2X2-1/2X1/4,4.90,1.44,3.50,2.50,0.25,0.625,0.607,1.10
L3X3X1/2,9.40,2.75,3.00,3.00,0.5,0.875,0.929,0.929
L3X3X7/16,8.30,2.43,3.00,3.00,0.4375,0.8125,0.907,0.907
L3X3X3/8,7.20,2.11,3.00,3.00,0.375,0.75,0.884,0.884
L3X3X5/16,6.10,1.78,3.00,3.00,0.3125,0.6875,0.860,0.860
L3X3X1/4,4.90,1.44,3.00,3.00,0.25,0.625,0.836,0.836
L3X3X3/16,3.71,1.09,3.00,3.00,0.1875,0.5625,0.812,0.812
L3X2-1/2X1/2,8.50,2.50,3.00,2.50,0.5,0.875,0.746,0.995
L3X2-1/2X7/16,7.60,2.21,3.00,2.50,0.4375,0.8125,0.724,0.972
L3X2-1/2X3/8,6.60,1.92,3.00,2.50,0.375,0.75,0.701,0.949
L3X2-1/2X5/16,5.60,1.67,3.00,2.50,0.3125,0.6875,0.677,0.925
L3X2-1/2X1/4,4.50,1.31,3.00,2.50,0.25,0.625,0.653,0.900
L3X2-1/2X3/16,3.39,0.996,3.00,2.50,0.1875,0.5625,0.627,0.874
L3X2X1/2,7.70,2.25,3.00,2.00,0.5,0.8125,0.580,1.08
L3X2X3/8,5.90,1.73,3.00,2.00,0.375,0.6875,0.535,1.03
L3X2X5/16,5.00,1.46,3.00,2.00,0.3125,0.625,0.511,1.01
L3X2X1/4,4.10,1.19,3.00,2.00,0.25,0.5625,0.487,0.980
L3X2X3/16,3.07,0.902,3.00,2.00,0.1875,0.5,0.462,0.952
L2-1/2X2-1/2X1/2,7.70,2.25,2.50,2.50,0.5,0.75,0.803,0.803
L2-1/2X2-1/2X3/8,5.90,1.73,2.50,2.50,0.375,0.625,0.758,0.758
L2-1/2X2-1/2X5/16,5.00,1.46,2.50,2.50,0.3125,0.5625,0.735,0.735
L2-1/2X2-1/2X1/4,4.10,1.19,2.50,2.50,0.25,0.5,0.711,0.711
L2-1/2X2-1/2X3/16,3.07,0.900,2.50,2.50,0.1875,0.4375,0.687,0.687
L2-1/2X2X3/8,5.30,1.55,2.50,2.00,0.375,0.625,0.578,0.826
L2-1/2X2X5/16,4.50,1.31,2.50,2.00,0.3125,0.5625,0.555,0.803
L2-1/2X2X1/4,3.62,1.06,2.50,2.00,0.25,0.5,0.532,0.779
L2-1/2X2X3/16,2.75,0.809,2.50,2.00,0.1875,0.4375,0.508,0.754
L2-1/2X1-1/2X1/4,3.22,0.938,2.50,1.50,0.25,0.5,0.372,0.866
L2-1/2X1-1/2X3/16,2.47,0.715,2.50,1.50,0.1875,0.4375,0.347,0.839
L2X2X3/8,4.70,1.36,2.00,2.00,0.375,0.625,0.632,0.632
L2X2X5/16,3.92,1.15,2.00,2.00,0.3125,0.5625,0.609,0.609
L2X2X1/4,3.19,0.938,2.00,2.00,0.25,0.5,0.586,0.586
L2X2X3/16,2.44,0.715,2.00,2.00,0.1875,0.4375,0.561,0.561
L2X2X1/8,1.65,0.484,2.00,2.00,0.125,0.375,0.534,0.534
